20.52607629190237 20.0
10.622849151981812 10.0
6.308595706046669 6.666666666666667
5.184879776554427 5.0
3.966866497750656 4.0
3.113999969931102 3.3333333333333335
2.7039657296067605 2.857142857142857
2.6817737639552095 2.5
2.3083877709856515 2.2222222222222223
2.0722706493408043 2.0
1.7045691202770736 1.8181818181818181
1.8325362392587496 1.6666666666666667
1.4763774589046679 1.5384615384615385
1.4308088333143487 1.4285714285714286
1.3210435699188048 1.3333333333333333
1.3233473791351136 1.25
1.1935898244610998 1.1764705882352942
1.057423592722056 1.1111111111111112
1.0522908249299463 1.0526315789473684
1.035431741606034 1.0
0.9498769580619241 0.9523809523809523
0.8830405190545655 0.9090909090909091
0.8796493033224949 0.8695652173913043
0.9213208891810057 0.8333333333333334
0.8266371911790302 0.8
0.6858403589002977 0.7692307692307693
0.8087352044597933 0.7407407407407407
0.6787614097299943 0.7142857142857143
0.6888105725218775 0.6896551724137931
0.6735726706102251 0.6666666666666666
0.6332231430214025 0.6451612903225806
0.5834637025999186 0.625
0.6034539425185126 0.6060606060606061
0.6024035510925347 0.5882352941176471
0.5900811327125483 0.5714285714285714
0.5615894618009776 0.5555555555555556
0.5127589439243548 0.5405405405405406
0.5117806481632478 0.5263157894736842
0.4639239453662351 0.5128205128205128
0.47238695701256894 0.5
0.4877340872481656 0.4878048780487805
0.48533891160055487 0.47619047619047616
0.43182514875796624 0.46511627906976744
0.4443009095446996 0.45454545454545453
0.44234140334168964 0.4444444444444444
0.4196600616318453 0.43478260869565216
0.41842799969196803 0.425531914893617
0.4054198522681601 0.4166666666666667
0.39280632848494645 0.40816326530612246
0.40003060009026586 0.4
0.4075437590021996 0.39215686274509803
0.371883648329424 0.38461538461538464
0.3589105680981518 0.37735849056603776
0.36209739817649855 0.37037037037037035
0.3701990776965339 0.36363636363636365
0.3419123595051274 0.35714285714285715
0.3539156276180243 0.3508771929824561
0.35823325632655917 0.3448275862068966
0.3398334014931944 0.3389830508474576
0.3673447760376611 0.3333333333333333
0.33882940136620177 0.32786885245901637
0.3047515608690088 0.3225806451612903
0.3278967399912293 0.31746031746031744
0.3115088229526699 0.3125
0.3061920548680062 0.3076923076923077
0.28870224073291156 0.30303030303030304
0.30236190494683546 0.29850746268656714
0.29279256915567947 0.29411764705882354
0.27027546865230556 0.2898550724637681
0.2850546276009743 0.2857142857142857
0.2905500677690356 0.28169014084507044
0.26250935934274455 0.2777777777777778
0.26781237323296303 0.273972602739726
0.2788633179801209 0.2702702702702703
0.24977193254888616 0.26666666666666666
0.26619805068130914 0.2631578947368421
0.2663447860752718 0.2597402597402597
0.2512436385317605 0.2564102564102564
0.25026016841456267 0.25316455696202533
0.2509044535816004 0.25
0.24502527648603128 0.24691358024691357
0.25286139352354986 0.24390243902439024
0.2545505383871544 0.24096385542168675
0.23131607411438376 0.23809523809523808
0.24241620012297838 0.23529411764705882
0.2568373386298146 0.23255813953488372
0.23908607837121323 0.22988505747126436
0.24819405489664895 0.22727272727272727
0.22882250827064546 0.2247191011235955
0.25431035148555087 0.2222222222222222
0.23366916271693583 0.21978021978021978
0.21746417953164116 0.21739130434782608
0.22048352237261304 0.21505376344086022
0.21856003981638075 0.2127659574468085
0.1942817901084056 0.21052631578947367
0.20711661448813892 0.20833333333333334
0.19990163366201646 0.20618556701030927
0.20497193127574487 0.20408163265306123
0.2069537141480403 0.20202020202020202
0.2148803716690607 0.2
